fm_abs=-0.310608
fm_stage3=-0.278466
map50_t2_baseline=0.640358
t1_baseline=0.672500
